"","G058","G059","G060","G061","G079","G080","G081","G089","G091","G098","G140","G141","G142","G144","G146","G152","G155","G157","G172","G174","G175","G176","G183","G006","G007","G008","G009","G010","G011","G012","G013","G014","G015","G016","G017","G018","G019","G020","G021","G022","G023","G024","G025","G026","G027","G028","G029","G030","G031","G032","G033","G062","G063","G064","G065","G066","G067","G068","G069","G070","G071","G099","G100","G101","G102","G103","G139","G164","G165","G169","G170"
"Carcharhinus genus 1",4,24,24,32,11,14,11,0,0,1,0,0,0,0,0,0,0,0,0,0,0,0,0,0,0,0,0,0,0,0,0,0,0,0,0,0,0,0,0,0,0,0,0,0,0,0,0,0,0,0,0,0,0,0,0,0,0,0,0,0,0,0,0,0,0,0,0,0,0,0,0
"Stegastes arcifrons 1",2,1,1,2,0,2,0,0,0,0,0,0,0,0,0,0,0,0,0,0,0,0,0,0,0,0,3,21835,0,1,3,0,3,0,5,2,0,8849,7,0,2,0,29320,5,2,3,6,1,5,1,21,57697,27,2,1,5,2,0,0,2,0,0,0,0,0,0,0,0,0,0,0
"Mugil thoburni 1",1,5,0,6,32872,4,484,0,0,0,0,1,0,0,8435,7184,23966,55627,1618,11,9,12,5,4,6,5,3,5,0,116,0,263,1,0,2,6,2544,1,1,10,1,0,3,35437,3,4,6,350,4,1,3,87,138,175,0,3,6,119,4,2,735,5,56,9,229,0,1615,17,0,8,0
"Mugil cephalus 1",0,1,0,0,0,93,0,0,0,0,0,0,0,0,0,0,3215,37775,0,1,0,0,0,0,337,0,0,0,0,55,0,0,0,0,0,0,0,0,0,0,414,0,1,17,0,0,646,0,0,0,0,77,0,177,0,0,70,0,110,33,0,0,0,0,0,0,0,1113,124,1769,0
"Decapterus genus 1",3,0,0,0,2,5,1,0,0,0,0,0,0,0,0,0,0,0,0,0,0,0,0,0,0,0,3,0,0,0,0,0,0,0,1,0,0,0,0,0,0,0,4,0,0,0,0,0,0,0,0,0,0,0,0,6,0,0,1,0,0,0,0,0,0,0,0,0,0,0,0
"Hemiramphus lutkei 1",0,0,0,0,0,0,0,0,0,0,0,0,0,0,0,0,0,0,0,0,0,0,0,10,6,2,0,1,2,0,1,0,0,0,0,0,1,0,0,0,0,0,0,1,1,0,1,0,0,0,0,2,0,0,0,0,1,0,0,1,0,0,0,0,0,0,0,0,0,0,0
"Stegastes beebei 1",1,0,3,4,1,5,0,0,0,0,0,0,0,0,0,0,0,0,0,0,0,0,0,0,0,0,0,0,1,9,9158,4,6,0,2,18163,12,10,18649,320,16,2,1,4,39116,7,3,0,3,1,0,3,1,5,3,2,4,4,71080,11,5,0,0,0,0,0,0,0,0,0,0
"Sphoeroides annulatus 1",0,0,0,3,0,0,0,0,0,0,0,0,0,0,0,0,0,3378,23,0,0,0,0,0,0,0,0,0,0,3,0,0,0,0,0,0,1,37167,7,1,2,3,0,0,0,3,0,0,0,0,0,0,0,0,0,0,130,0,2,0,0,0,0,0,0,0,0,0,0,0,2
"Sardinops genus 1",0,0,0,0,0,0,0,0,0,0,0,0,0,0,0,0,0,0,0,0,0,0,0,0,0,0,0,0,0,0,0,0,0,0,0,1,0,0,0,0,0,0,0,0,0,0,0,0,0,0,0,0,0,0,0,0,13649,0,0,0,0,0,0,0,0,0,0,0,0,0,0
"Euthynnus affinis 1",0,0,0,0,0,0,0,0,0,0,0,0,0,0,0,0,0,0,0,0,0,0,0,0,76,0,0,0,0,0,0,0,0,0,0,0,0,0,0,0,0,378,0,0,0,0,0,0,0,0,0,0,0,0,0,0,0,0,0,0,0,0,0,0,0,0,0,0,0,0,0
"Scarus ghobban 1",0,0,0,0,0,0,0,0,0,0,0,0,0,0,0,0,0,0,0,0,0,0,0,0,0,0,0,0,0,0,0,0,0,0,0,0,0,0,0,0,0,0,0,0,0,0,0,0,0,0,0,0,0,0,0,0,0,0,0,0,0,0,0,0,0,0,0,0,0,0,0
"Anisotremus scapularis 1",0,0,0,0,0,0,0,0,0,0,0,0,0,0,0,0,0,0,0,0,0,0,0,59,22,0,0,0,0,0,0,0,0,0,0,0,0,0,0,0,0,0,0,0,0,0,0,0,0,0,0,0,0,0,0,0,0,0,0,0,0,0,0,0,0,0,0,0,0,0,0
"Muraena lentiginosa 1",43,0,0,0,0,0,0,0,0,0,0,0,0,0,0,0,1715,0,0,0,0,0,0,0,94,0,0,0,105,0,0,0,0,0,0,0,0,0,0,0,0,0,0,0,0,0,0,0,0,0,0,0,0,0,0,885,0,0,0,0,0,0,0,0,0,0,0,0,0,0,0
"Caranx crysos 1",0,0,0,0,0,0,0,0,0,0,0,0,0,0,0,0,0,0,0,0,0,0,0,0,0,0,0,0,0,0,0,0,0,0,0,0,0,0,0,0,0,0,0,0,0,0,0,0,0,0,0,0,0,0,0,0,0,0,0,0,0,0,0,0,0,0,0,0,0,0,0
"Lutjanus genus 1",0,0,0,0,0,0,0,0,0,0,0,0,0,876,0,0,0,0,0,0,0,0,0,0,0,0,43,0,0,0,0,0,0,0,0,0,0,0,0,0,0,0,0,0,0,0,0,0,0,0,0,0,0,0,0,0,0,0,0,0,0,0,0,0,0,0,0,0,0,0,0
"Teleophrys cristulipes 1",0,0,0,0,0,0,0,0,0,0,0,0,0,0,0,0,0,0,0,0,0,0,0,0,0,0,0,0,0,0,0,0,0,0,0,0,0,0,0,0,0,0,0,0,0,0,0,0,0,0,0,0,0,0,0,0,0,0,0,0,0,0,0,0,0,0,0,0,0,0,0
"Grapsus grapsus 1",0,0,0,0,0,0,0,0,0,0,0,0,0,0,0,0,0,0,0,0,0,0,0,0,0,0,0,0,0,0,0,0,0,0,0,0,0,0,0,0,0,0,0,0,0,0,0,0,0,0,0,0,0,0,0,0,0,0,0,0,0,0,0,0,0,0,0,0,0,0,0
"Pachygrapsus socius 1",0,0,0,0,0,0,0,0,0,0,0,0,0,0,0,0,0,0,0,0,0,0,0,0,0,0,0,0,0,0,0,0,0,0,0,0,0,0,0,0,0,0,0,0,0,0,0,0,0,0,0,0,0,172,0,0,0,0,0,0,0,0,0,0,0,0,0,0,0,0,0
"Amphipholis squamata 1",0,0,0,0,0,0,0,0,0,0,0,0,0,0,0,0,0,0,0,0,0,0,0,0,0,0,0,0,0,0,0,0,0,0,0,0,0,0,0,0,0,0,0,0,0,0,0,0,0,0,0,0,0,595,0,0,0,0,0,0,0,0,0,0,0,0,0,0,0,0,0
"Calappa convexa 1",0,0,0,0,0,0,1120,0,0,0,0,49847,0,0,0,0,0,0,0,0,0,0,0,0,0,0,0,0,0,0,0,0,0,0,0,0,0,0,0,0,0,0,0,0,0,0,0,0,0,0,0,0,0,0,0,0,0,0,0,0,0,0,0,0,0,0,0,0,0,0,0
"Thunnus genus 1",0,0,0,0,0,0,0,0,0,0,0,0,0,0,0,0,0,0,0,0,0,0,0,0,0,0,0,0,0,0,0,0,0,0,0,0,0,0,0,0,0,0,0,0,0,0,0,0,0,0,0,0,0,0,0,0,0,0,0,0,0,0,0,0,0,0,0,0,0,0,0
"Selar crumenophthalmus 1",0,0,0,0,0,0,0,0,0,0,0,0,0,0,0,0,0,0,0,0,0,0,0,0,0,0,0,0,0,0,0,0,0,0,0,0,0,0,0,0,0,0,0,0,0,0,0,0,0,0,0,0,0,0,0,0,0,0,0,0,0,0,0,0,0,0,0,0,0,0,0
"Fistularia commersonii 1",0,0,0,0,0,0,0,0,0,0,0,0,0,0,0,0,0,0,0,0,0,0,0,0,0,0,0,0,0,0,0,0,0,0,0,0,0,0,0,0,0,0,0,0,0,0,0,0,0,0,0,0,0,0,0,0,0,0,0,0,0,0,0,0,0,0,0,0,0,0,0
"Semicossyphus pulcher 1",0,0,0,0,0,0,0,0,0,0,0,0,0,0,0,0,0,0,0,0,0,0,0,0,0,0,0,0,0,0,0,0,0,0,0,0,0,0,0,0,0,0,0,0,0,0,0,0,0,0,0,0,0,0,0,0,0,0,0,0,0,0,0,0,0,0,0,0,0,0,0
"Meiosquilla dawsoni 1",0,0,0,0,0,0,0,0,0,0,0,0,13,0,0,0,0,0,0,682,0,0,0,0,0,0,0,0,0,0,0,0,0,0,0,0,0,0,0,0,0,0,0,0,0,0,0,0,0,0,0,0,0,0,0,0,0,0,0,0,0,0,0,0,0,0,0,0,0,0,0
"Achelous tuberculatus 1",0,0,0,0,0,0,0,19142,0,0,0,0,0,0,0,0,0,0,0,0,0,0,0,0,0,0,0,0,0,0,0,0,0,0,0,0,0,0,0,0,0,0,0,0,0,0,0,0,0,0,0,0,0,0,0,0,0,0,0,0,0,0,0,0,0,0,0,0,0,0,0
"Palaemon ritteri 1",0,0,0,0,0,0,0,0,0,0,0,0,6529,0,0,0,0,0,0,0,0,0,0,0,0,0,0,0,0,0,0,0,0,0,0,0,0,0,0,0,0,0,0,0,0,0,0,0,0,0,0,0,0,0,0,0,0,0,0,0,0,0,0,0,0,0,0,0,0,0,0
"Microcassiope xantusii 1",0,0,0,0,0,0,0,0,0,0,0,0,0,0,0,0,0,0,0,184,0,0,0,0,0,0,0,0,0,0,0,0,0,0,0,0,0,0,0,0,0,0,0,0,0,0,0,0,0,0,0,0,0,0,0,0,0,0,0,0,0,0,0,0,0,0,0,0,0,0,0
"Abudefduf",0,0,0,0,1,0,0,0,0,0,0,0,0,0,0,0,0,0,0,0,2737,0,0,22627,1,6,25328,3,1,7,3,5,1,2,7,1,2,6,14466,7,0,1,2,0,0,1,3,2,0,0,2,0,86,0,0,4,0,241,2,2,2,0,0,0,0,0,0,0,0,0,0
"Actinopteri",0,0,0,0,0,1,0,0,1,0,12,1,1,0,0,0,0,0,0,0,0,0,0,0,56,0,0,0,0,0,0,0,0,13,0,0,0,0,0,94,0,0,0,0,0,0,0,0,0,0,0,0,0,364,0,0,0,0,0,0,0,0,0,5,0,33,0,0,0,0,0
"Sphyrna lewini 1",0,0,0,0,0,0,0,0,0,0,0,0,0,0,0,0,0,0,0,0,0,0,0,1,1,2,1,2,0,4,0,3,12,0,0,1,0,4,0,1,8,1,2,1,0,3,0,2,9,0,0,4,3,10,1,3,3,4,6,1,5,0,0,0,0,0,0,0,0,0,0
